4.4037895615036966e-05,
1.4679035175854386e-05,
5.1377018159227255e-05,
2.2018947807518483e-05,
5.50469744750593e-05,
1.4679035175854386e-05,
5.50469744750593e-05,
2.2018947807518483e-05,
5.1377018159227255e-05,
1.8348991491686433e-05,
-0.00014312197561765943,
-0.0001100939489501186,
-0.0002568858808836101,
-9.174495745843217e-05,
-0.0002568858808836101,
-0.00011009473903759241,
-0.0002568858808836101,
-9.174495745843217e-05,
-0.0002568858808836101,
-0.0001100939489501186,
-1.4679035175854386e-05,
8.257046171258896e-05,
0.00026422579351527414,
8.257046171258896e-05,
0.0002311969767602595,
0.00011559927846760357,
0.00024771138513776685,
6.605605333508164e-05,
0.00024771217522524065,
0.00011559848838012975,
9.174495745843216e-06,
-3.6697982983372865e-05,
-0.0001100939489501186,
-4.4037895615036966e-05,
-0.0001100939489501186,
-6.605605333508164e-05,
-7.339596596674573e-05,
-8.073587859840984e-05,
-7.339596596674573e-05,
-6.422147022090252e-05,
8.257046171258896e-05,
0.00010091945320427539,
9.174495745843217e-05,
8.257046171258896e-05,
9.174495745843217e-05,
0.00010091945320427539,
9.174495745843217e-05,
8.257046171258896e-05,
9.174495745843217e-05,
0.00010642399263428656,
5.50469744750593e-05,
4.9542435045048123e-05,
6.605684342255545e-05,
4.9542435045048123e-05,
5.50469744750593e-05,
5.50469744750593e-05,
6.055151390507047e-05,
5.50469744750593e-05,
5.50469744750593e-05,
4.2202522413384037e-05,
-7.339596596674573e-05,
-6.605605333508164e-05,
-6.605684342255545e-05,
-6.605605333508164e-05,
-7.339596596674573e-05,
-6.605605333508164e-05,
-6.605684342255545e-05,
-5.871693079089134e-05,
-8.073508851093603e-05,
-5.871693079089134e-05,
-2.5688904123350526e-05,
0.00012110381789761473,
0.00012110302781014095,
0.0001100939489501186,
0.00012110381789761473,
0.00012110302781014095,
0.00012110381789761473,
0.0001100939489501186,
0.00012110302781014095,
0.00013211289675763707,
7.339596596674573e-05,
6.605605333508164e-05,
7.339596596674573e-05,
8.073587859840984e-05,
6.605605333508164e-05,
7.339596596674573e-05,
8.073587859840984e-05,
6.605605333508164e-05,
7.339596596674573e-05,
6.605605333508164e-05,
-0.0003082628990428373,
-0.000297253820182815,
-0.0003302818468503558,
-0.0003302818468503558,
-0.0003633098735178966,
-0.0003302818468503558,
-0.0003302826369378296,
-0.0003302818468503558,
-0.0003302818468503558,
-0.0003633098735178966,
-0.0004403757958004744,
-0.0004844136914155114,
-0.0004403757958004744,
-0.00039633869027291124,
-0.0004403757958004744,
-0.0004844136914155114,
-0.0004403757958004744,
-0.00039633869027291124,
-0.0004403757958004744,
-0.0005688187362422794,
-0.0007596485637908078,
-0.0007596485637908078,
-0.0008440543987050497,
-0.0008440536086175759,
-0.0008440536086175759,
-0.0007596485637908078,
-0.0007596485637908078,
-0.0009284594435318177,
-0.0007596485637908078,
-0.0008440536086175759,
-0.001746824938113517,
-0.0017615039732893714,
-0.0017615031832018976,
-0.0019376547656620455,
-0.0017615031832018976,
-0.0017615039732893714,
-0.0017615039732893714,
-0.0017615039732893714,
-0.0019376539755745715,
-0.0019376539755745715,
-0.002844094471298871,
-0.002559685103177731,
-0.003128504629507484,
-0.002844094471298871,
-0.002844094471298871,
-0.0031285038394200104,
-0.002559685103177731,
-0.002844095261386345,
-0.002559685103177731,
-0.0038661334554033,
-0.0040789822307593475,
-0.0045322024786214965,
-0.0045322024786214965,
-0.004985422726483646,
-0.0045322024786214965,
-0.0040789822307593475,
-0.0045322024786214965,
-0.004985422726483646,
-0.0045322024786214965,
-0.005130380075302959,
-0.006579950403146187,
-0.005383595999870736,
-0.005981773596552198,
-0.0059817728064647255,
-0.006579950403146187,
-0.005383595999870736,
-0.005981773596552198,
-0.005383595999870736,
-0.006579950403146187,
-0.0068350017009156175,
-0.007679056099620668,
-0.007679055309533193,
-0.008532284203984088,
-0.007679055309533193,
-0.007679055309533193,
-0.006825827205169775,
-0.009385512308347506,
-0.006825827205169775,
-0.007679055309533193,
-0.008532284203984088,
-0.010778201078601495,
-0.0131745806315557,
-0.014492038852728767,
-0.015809496283814357,
-0.014492038062641294,
-0.0131745806315557,
-0.014492038852728767,
-0.015809496283814357,
-0.0131745806315557,
-0.015925094772194486,
-0.014330567095531948,
-0.015763624595172616,
-0.012897510385978752,
-0.014330567095531948,
-0.015763624595172616,
-0.014330567095531948,
-0.012897510385978752,
-0.014330567095531948,
-0.015763624595172616,
-0.01632877258501159,
-0.01544068187086645,
-0.017156313365426605,
-0.018871944069899286,
-0.01715631257533913,
-0.017156313365426605,
-0.015440681080778977,
-0.01200941888174614,
-0.024018838553579752,
-0.008578156682713303,
-0.029787762584688432,
-0.009614874701993587,
-0.026921649955669515,
-0.009614874701993587,
-0.03076759983646695,
-0.009614874701993587,
-0.026921649165582043,
-0.011537850432479776,
-0.028844624105980758,
-0.009614874701993587,
-0.029244632752569503,
-0.012737874792071061,
-0.029721706531353347,
-0.008491916264684882,
-0.029721706531353347,
-0.012737874001983587,
-0.029721706531353347,
-0.008491916264684882,
-0.029721706531353347,
-0.012737874792071061,
-0.029721706531353347,
-0.010332320743371011,
-0.02972537648766918,
-0.013871842308239785,
-0.02972537648766918,
-0.009908458565860569,
-0.02972537648766918,
-0.011890150437050178,
-0.03170706835885879,
-0.009908458565860569,
-0.03167587491530543,
-0.01170299056581748,
-0.029257477204631174,
-0.0078019937105449876,
-0.031207975632267425,
-0.009752492138181234,
-0.029257477204631174,
-0.01170299056581748,
-0.02730697877699493,
-0.009752492138181234,
-0.03128504155455,
-0.011934188332665213,
-0.02784643865279803,
-0.009945157338931416,
-0.02784643865279803,
-0.013923219326399014,
-0.0278464394428855,
-0.009945156548843941,
-0.0278464394428855,
-0.011934187542577742,
-0.031659361297015395,
-0.009532304240280997,
-0.026690452188821785,
-0.011438764772302207,
-0.028596913510930466,
-0.009532304240280997,
-0.026690452188821785,
-0.011438765562389682,
-0.026690451398734306,
-0.009532305030368471,
-0.030512547748610043,
-0.009578177509097686,
-0.02490325931140906,
-0.009578176719010213,
-0.024903260101496537,
-0.009578176719010213,
-0.024903260101496537,
-0.00766254169124316,
-0.02873453015703064,
-0.00766254169124316,
-0.024903260101496537,
-0.009578176719010213,
-0.03234561310475199,
-0.009486431761551782,
-0.030356582111018184,
-0.013281004624189989,
-0.030356582111018184,
-0.009486431761551782,
-0.030356582111018184,
-0.013281004624189989,
-0.03225386814729355,
-0.009486431761551782,
-0.028459296074742818,
-0.011383717797827148,
-0.028459295284655343,
-0.009486432551639255,
-0.028459295284655343,
-0.011383718587914623,
-0.028459295284655343,
-0.009486431761551782,
-0.03052172303444336,
-0.011879141358190154,
-0.02771799571235622,
-0.009899284070114726,
-0.027717996502443696,
-0.011879140568102683,
-0.029697853000431654,
-0.007919427572126771,
-0.029697853000431654,
-0.011879141358190154,
-0.029648310565386603,
-0.00965157268497696,
-0.030885032907961258,
-0.00965157268497696,
-0.02702440399198797,
-0.013512202391037722,
-0.02702440399198797,
-0.013512201600950248,
-0.02509408992904506,
-0.011581887538007339,
-0.02902811402089762,
-0.009835063389981297,
-0.02753817575375519,
-0.011802075435907578,
-0.02753817575375519,
-0.007868049763880069,
-0.027538176543842663,
-0.011802074645820103,
-0.027538176543842663,
-0.009835062599893824,
-0.02753817575375519,
-0.013688352393322922,
-0.029202430230156118,
-0.009734143146689547,
-0.029202430230156118,
-0.011680971618009963,
-0.029202430230156118,
-0.009734143146689547,
-0.029202430230156118,
-0.013627800879417852,
-0.028897836497341636,
-0.0082111760627921,
-0.026275765297144656,
-0.006568941324286164,
-0.024633528978463774,
-0.006568941324286164,
-0.026275764507057184,
-0.008211176852879575,
-0.022991294239957837,
-0.00985341159138551,
-0.024633529768551248,
-0.009073579452988836,
-0.025406021994316255,
-0.010888295817639088,
-0.025406021994316255,
-0.009073579452988836,
-0.025406021994316255,
-0.010888295817639088,
-0.027220738358966507,
-0.007258863088338585,
-0.027220738358966507,
-0.013466329122221033,
-0.03008318261184454,
-0.010027727010556532,
-0.030083181821757066,
-0.012033273202755311,
-0.030083181821757066,
-0.010027727010556532,
-0.030083181821757066,
-0.012033273202755311,
-0.03205019465777082,
-0.009835062599893824,
-0.02753817575375519,
-0.009835062599893824,
-0.02753817575375519,
-0.009835063389981297,
-0.029505188589768944,
-0.007868049763880069,
-0.02753817575375519,
-0.011802075435907578,
-0.025571163707828908,
-0.011649778174456601,
-0.027220738358966507,
-0.012703011392201867,
-0.027220738358966507,
-0.009073579452988836,
-0.027220737568879036,
-0.010888295817639088,
-0.027220738358966507,
-0.009073578662901363,
-0.02903545472361676,
-0.012714020471061889,
-0.02543171089843961,
-0.00908275394873468,
-0.02724826184620404,
-0.010899304106411637,
-0.02724826184620404,
-0.00908275394873468,
-0.02724826184620404,
-0.01089930489649911,
-0.027305143403793277,
-0.009367163316855819,
-0.02622805744521379,
-0.011240596612296962,
-0.02810148995056746,
-0.009367163316855819,
-0.02810148995056746,
-0.009367163316855819,
-0.02622805744521379,
-0.009367164106943294,
-0.03184285042184479,
-0.007471711863694632,
-0.02801891948885487,
-0.011207567795541948,
-0.02801891948885487,
-0.00933963982961829,
-0.02801892027894234,
-0.011207567795541948,
-0.02801891948885487,
-0.00933963982961829,
-0.030004281316360307,
-0.009633223693485272,
-0.026973026183741266,
-0.009633224483572745,
-0.026973026183741266,
-0.011559868590199822,
-0.026973026973828744,
-0.007706578796770723,
-0.026973026973828744,
-0.011559868590199822,
-0.026973026973828744,
-0.011576382208489855,
-0.02898224233225588,
-0.011592896616867363,
-0.02898224233225588,
-0.009660747180722802,
-0.028982241542168406,
-0.011592897406954836,
-0.028982241542168406,
-0.009660747180722802,
-0.03283553212568498,
-0.009605700206247743,
-0.028817101408830703,
-0.009605700206247743,
-0.03073824097602777,
-0.007684560639050679,
-0.02881710061874323,
-0.01152684056353228,
-0.028817101408830703,
-0.009605700206247743,
-0.028679483972643055,
-0.010701135156318918,
-0.026752839075928507,
-0.008917613025309502,
-0.024969316154831615,
-0.010701135156318918,
-0.026752839075928507,
-0.007134090104212612,
-0.026752839075928507,
-0.010701135156318918,
-0.02867214406001139,
-0.007405655020272076,
-0.02591979454617095,
-0.011108483715539325,
-0.025919793756083477,
-0.00740565581035955,
-0.02591979454617095,
-0.011108482925451852,
-0.02591979454617095,
-0.0092570693679057,
-0.024068380198537326,
-0.01316540613580986,
-0.029312523389018765,
-0.007816673535808316,
-0.03126669177297084,
-0.007816673535808316,
-0.029312523389018765,
-0.011725009513625,
-0.02735835579515416,
-0.00977084112967292,
-0.02735835579515416,
-0.013715875880560452,
-0.02986299392385683,
-0.009954331044589785,
-0.02986299392385683,
-0.011945198201612712,
-0.031853860290792284,
-0.009954331044589785,
-0.02986299392385683,
-0.011945197411525237,
-0.031853860290792284,
-0.009844237095639665,
-0.029450141615293884,
-0.013743399367797981,
-0.027486798735595962,
-0.009816713608402137,
-0.029450141615293884,
-0.01178005648810006,
-0.029450141615293884,
-0.009816713608402137,
-0.03139146554718429,
-0.011647943591342422,
-0.027178535836553126,
-0.009706619659452019,
-0.031061183700333932,
-0.009706619659452019,
-0.027178535836553126,
-0.009706619659452019,
-0.031061183700333932,
-0.009706619659452019,
-0.029029949394099277,
-0.012959897273085476,
-0.02591979454617095,
-0.0092570693679057,
-0.027771208103717103,
-0.011108482925451852,
-0.027771208893804578,
-0.007405655020272076,
-0.027771208103717103,
-0.011108483715539325,
-0.029606108042973218,
-0.007383636072464558,
-0.025842728623888374,
-0.011075454898784311,
-0.025842728623888374,
-0.007383636862552032,
-0.025842728623888374,
-0.011075454898784311,
-0.025842728623888374,
-0.00922954588066817,
-0.0258427278338009,
-0.012128688116529575,
-0.024716099440176362,
-0.008238700340117104,
-0.024716100230263837,
-0.00988643961805305,
-0.026363840298287256,
-0.008238700340117104,
-0.026363840298287256,
-0.00823869955002963,
-0.027020734035672136,
-0.009880935868710512,
-0.03161899256762871,
-0.007904748536950916,
-0.02964280523586912,
-0.011857122410382637,
-0.02766661948428447,
-0.011857121620295162,
-0.02569043215252487,
-0.011857122410382637,
-0.031828171386668935,
-0.010403882126223576,
-0.02913086884730355,
-0.012484658077415807,
-0.03121164479849578,
-0.010403882126223576,
-0.03121164479849578,
-0.012484658077415807,
-0.031211645588583258,
-0.018726986721079975,
-0.02254724848784153,
-0.021011437741969882,
-0.017191175975208327,
-0.019101306463545367,
-0.01910130725363284,
-0.02101143695188241,
-0.017191175975208327,
-0.019101306463545367,
-0.017191175975208327,
-0.021011437741969882,
-0.020875654888896415,
-0.016580153926465186,
-0.018422394568440442,
-0.014737914864664881,
-0.016580153926465186,
-0.01658015471655266,
-0.018422393778352968,
-0.014737914864664881,
-0.01658015471655266,
-0.01658015471655266,
-0.018422393778352968,
-0.01867927965923658,
-0.021677505975100608,
-0.01970682318277102,
-0.023648188767430193,
-0.021677505975100608,
-0.021677505975100608,
-0.023648187977342718,
-0.019706823972858493,
-0.021677505975100608,
-0.023466533435627504,
-0.019679299695533493,
-0.017890273025094064,
-0.021468327946147867,
-0.012523190643513359,
-0.02146832715606039,
-0.01610124556456716,
-0.017890273025094064,
-0.017890273025094064,
-0.021468327946147867,
-0.018275601056332004,
-0.01917470321959959,
-0.02109217283048082,
-0.017257232028543408,
-0.01917470321959959,
-0.01917470242951211,
-0.02109217283048082,
-0.01917470321959959,
-0.017257232028543408,
-0.01917470242951211,
-0.022576607348280715,
-0.01628290010628237,
-0.018092111931502612,
-0.016282900896369846,
-0.01990132296663538,
-0.016282900896369846,
-0.018092111931502612,
-0.01628290010628237,
-0.01990132296663538,
-0.016282900896369846,
-0.019996737880409645,
-0.020950885437977337,
-0.01714163433025075,
-0.01904625948907031,
-0.01714163354016328,
-0.020950886228064815,
-0.01904625948907031,
-0.01714163354016328,
-0.01904625948907031,
-0.020950886228064815,
-0.01904625948907031,
-0.01904625948907031,
-0.019046260279157783,
-0.020950885437977337,
-0.01904625948907031,
-0.01714163354016328,
-0.02285551217697184,
-0.01714163354016328,
-0.01904625948907031,
-0.019046260279157783,
-0.022848171474252707,
-0.01900956229617441,
-0.019009561506086937,
-0.017108605513495734,
-0.02281147349126933,
-0.017108605513495734,
-0.01900956229617441,
-0.019009561506086937,
-0.020910517498678137,
-0.019009561506086937,
-0.020723358417532912,
-0.02022426490085407,
-0.018385695795369597,
-0.016547126689885124,
-0.018385695795369597,
-0.020224265690941545,
-0.018385695795369597,
-0.01654712589979765,
-0.018385695795369597,
-0.020224265690941545,
-0.01890864205288266,
-0.020128850777167282,
-0.020128849987079808,
-0.022141736091910252,
-0.024154620616565748,
-0.014090195623025844,
-0.020128849987079808,
-0.022141736091910252,
-0.018115965462424312,
-0.020128850777167282,
-0.024125261756126566,
-0.01804990940908923,
-0.01804990940908923,
-0.018049908619001756,
-0.02206100021331184,
-0.01804990940908923,
-0.018049908619001756,
-0.01804990940908923,
-0.02206100021331184,
-0.018049908619001756,
-0.01804990940908923,
-0.020989418794162364,
-0.02245917269661146,
-0.018715978432307427,
-0.01871597764221995,
-0.02245917348669893,
-0.01871597764221995,
-0.01871597764221995,
-0.01871597764221995,
-0.02245917348669893,
-0.020271972752784938,
-0.017926971008077434,
-0.0161342735912347,
-0.019719668424920168,
-0.017926970217989963,
-0.0161342735912347,
-0.017926971008077434,
-0.019719667634832693,
-0.016134274381322176,
-0.017926970217989963,
-0.01992884645387291,
-0.020486656111255167,
-0.016761810048355346,
-0.01862423268476152,
-0.020486656111255167,
-0.01676180925826787,
-0.01862423268476152,
-0.01676180925826787,
-0.020486656111255167,
-0.018624233474848994,
-0.02064078716573285,
-0.017224204001875864,
-0.02105180568126909,
-0.01913800444652874,
-0.01913800444652874,
-0.01722420479196334,
-0.02296560533583449,
-0.017224204001875864,
-0.00956900222326437,
-0.03062080790453346,
-0.00956900222326437,
-0.029875838375918506,
-0.012022263333807815,
-0.02805194751552241,
-0.008014842485901034,
-0.030055658334519536,
-0.010018552514810687,
-0.028051948305609885,
-0.010018552514810687,
-0.028051948305609885,
-0.012022263333807815,
-0.028661134191063895,
-0.009321290838126602,
-0.026099614504771985,
-0.013049806857342255,
-0.026099614504771985,
-0.009321290838126602,
-0.027963873304467285,
-0.011185548847734428,
-0.026099614504771985,
-0.009321290838126602,
-0.029626291617579084,
-0.011064445819924287,
-0.027661114154766984,
-0.009220371384922328,
-0.025817039719765022,
-0.01290852025492625,
-0.025817039719765022,
-0.009220371384922328,
-0.027661114154766984,
-0.011064445819924287,
-0.03038594018136989,
-0.009587351214756056,
-0.03067952483532435,
-0.009587351214756056,
-0.026844584033386937,
-0.01917470242951211,
-0.02109217283048082,
-0.00958735200484353,
-0.02876205364426817,
-0.011504821615724763,
-0.02845195616211115,
-0.009468082770060093,
-0.026510632230220748,
-0.011361699640107102,
-0.026510631440133277,
-0.011361699640107102,
-0.024617015360173744,
-0.011361699640107102,
-0.026510632230220748,
-0.011361699640107102,
-0.026859262278475318,
-0.011570878459147317,
-0.02507023560803589,
-0.009642398189231115,
-0.02699871508786462,
-0.011570878459147317,
-0.02699871508786462,
-0.007713918709402387,
-0.02699871508786462,
-0.011570878459147317,
-0.029565740103674014,
-0.012209423205040511,
-0.03459336535257104,
-0.010174518942490022,
-0.030523558407645014,
-0.010174518942490022,
-0.03459336535257104,
-0.010174519732577497,
-0.03255846188010803,
-0.012209423205040511,
-0.03169972844622713,
-0.009844237095639665,
-0.02756386465787854,
-0.013781931933895535,
-0.02756386465787854,
-0.009844237095639665,
-0.02756386465787854,
-0.011813084514767602,
-0.029532712077006473,
-0.009844237095639665,
-0.03040428917286158,
-0.009422210291330878,
-0.02826663166408011,
-0.009422210291330878,
-0.02638218849969147,
-0.011306652665632043,
-0.02826663166408011,
-0.009422210291330878,
-0.02638218849969147,
-0.011306652665632043,
-0.030699708409930217,
-0.009633223693485272,
-0.026973026973828744,
-0.011559868590199822,
-0.02889967108045582,
-0.009633223693485272,
-0.028899671870543292,
-0.009633223693485272,
-0.02889967108045582,
-0.011559868590199822,
-0.028565720067377103,
-0.009504780753043469,
-0.026613386266539203,
-0.01140573753572214,
-0.026613386266539203,
-0.009504780753043469,
-0.026613386266539203,
-0.01140573753572214,
-0.026613386266539203,
-0.009504780753043469,
-0.028771228140014014,
-0.011559868590199822,
-0.028899671870543292,
-0.009633223693485272,
-0.026973026973828744,
-0.011559868590199822,
-0.028899671870543292,
-0.009633223693485272,
-0.026973026973828744,
-0.011559868590199822,
-0.03038227022505406,
-0.00943138478707672,
-0.02829415515131764,
-0.011317661744492067,
-0.028294154361230166,
-0.00943138478707672,
-0.026407877403814818,
-0.011317662534579541,
-0.028294154361230166,
-0.00943138478707672,
-0.032496074993001306,
-0.0095965257105019,
-0.028789577921593174,
-0.011515830694584785,
-0.028789577921593174,
-0.007677220726419015,
-0.028789577131505695,
-0.011515831484672258,
-0.028789577131505695,
-0.009596526500589373,
-0.02831250335272185,
-0.011295642796684546,
-0.028239107386755107,
-0.007530428794485523,
-0.02823910817684258,
-0.011295642796684546,
-0.026356500385655596,
-0.009413035795585034,
-0.026356500385655596,
-0.011295642796684546,
-0.029777120896503726,
-0.00804309996440173,
-0.028150848295231106,
-0.012064649946602595,
-0.028150849085318584,
-0.01005387416541469,
-0.02614007409421815,
-0.012064649156515122,
-0.02614007409421815,
-0.010053874955502164,
-0.03238010911394586,
-0.01018369422832334,
-0.03055108110479507,
-0.010183693438235865,
-0.034624559586211884,
-0.010183693438235865,
-0.032587819950459736,
-0.012220433073988006,
-0.032587819950459736,
-0.010183693438235865,
-0.03156211101003948,
-0.011747028461432519,
-0.029367571153581292,
-0.00783135257098417,
-0.029367571153581292,
-0.011747028461432519,
-0.02936757036349382,
-0.00978919091125208,
-0.02936757036349382,
-0.011747028461432519,
-0.025539970264275545,
-0.008422190255033967,
-0.023582131924007634,
-0.011791065566960081,
-0.023582131924007634,
-0.008422190255033967,
-0.023582131924007634,
-0.01010662830604076,
-0.02526656918492696,
-0.008422190255033967,
-0.028462965240971177,
-0.011581887538007339,
-0.028954718845018348,
-0.00965157268497696,
-0.028954718054930877,
-0.00965157268497696,
-0.028954718845018348,
-0.011581887538007339,
-0.028954718054930877,
-0.007721258622034052,
-0.03034557224207069,
-0.009458908274314252,
-0.02837672561303023,
-0.007567126777468896,
-0.0264849433260974,
-0.011350689771159606,
-0.0264849433260974,
-0.009458909064401725,
-0.0264849433260974,
-0.011350689771159606,
-0.030246488162068066,
-0.007559786864837232,
-0.028349201335705225,
-0.013229627606030763,
-0.026459255212061526,
-0.009449733778568408,
-0.028349201335705225,
-0.011339680692299585,
-0.026459255212061526,
-0.009449733778568408,
-0.030855674047522076,
-0.011647944381429895,
-0.029119858978356058,
-0.009706620449539493,
-0.029119858978356058,
-0.011647943591342422,
-0.02911985976844353,
-0.009706619659452019,
-0.031061183700333932,
-0.009706619659452019,
-0.0302219006398832,
-0.012120246821959425,
-0.03030061705489856,
-0.01010020647505366,
-0.028280575917905323,
-0.012120246821959425,
-0.030300617844986034,
-0.010100205684966187,
-0.028280576707992798,
-0.012120246821959425,
-0.029367571153581292,
-0.009789190121164606,
-0.027409732813313385,
-0.011747028461432519,
-0.029367571153581292,
-0.00783135257098417,
-0.02936757036349382,
-0.011747028461432519,
-0.027409732813313385,
-0.00978919091125208,
-0.02807947100275994,
-0.011152520821066889,
-0.024163795112311592,
-0.009293767350889074,
-0.026022549372576878,
-0.009293767350889074,
-0.026022548582489407,
-0.009293767350889074,
-0.02788130205266722,
-0.007435013880711259,
-0.029773083549512577,
-0.011174539768874406,
-0.02793634902714228,
-0.00931211634238076,
-0.02979877245363593,
-0.011174539768874406,
-0.02793634902714228,
-0.009312117132468234,
-0.02979877245363593,
-0.011174538978786935,
-0.02884279031295405,
-0.009660747180722802,
-0.028982241542168406,
-0.011592897406954836,
-0.027050092106023844,
-0.009660747180722802,
-0.027050092896111322,
-0.011592896616867363,
-0.02898224233225588,
-0.007728597744578241,
-0.030253827284612254,
-0.011262614770017007,
-0.028156536925042514,
-0.009385512308347506,
-0.02627943525346049,
-0.011262614770017007,
-0.028156536925042514,
-0.009385512308347506,
-0.026279434463373018,
-0.011262614770017007,
-0.030796957906818658,
-0.009679096172214487,
-0.030973108699191332,
-0.007743276779754096,
-0.02903728930673094,
-0.011614915564674881,
-0.029037288516643465,
-0.011614915564674881,
-0.025165650521810155,
-0.011614915564674881,
-0.0301107053089946,
-0.010091949270864908,
-0.028257456378246795,
-0.012110338334950415,
-0.028257457168334266,
-0.010091948480777433,
-0.028257457168334266,
-0.012110338334950415,
-0.028257456378246795,
-0.008073559416691927,
-0.031798813316317225,
-0.013781931933895535,
-0.02756386465787854,
-0.009844237095639665,
-0.029532712077006473,
-0.011813084514767602,
-0.029532712077006473,
-0.00984423788572714,
-0.03150155949613441,
-0.011813084514767602,
-0.029818956028241795,
-0.009954331834677258,
-0.03185385950070481,
-0.007963465467741807,
-0.02986299392385683,
-0.007963464677654334,
-0.031853860290792284,
-0.009954331044589785,
-0.027872127556921377,
-0.011945197411525237,
-0.03151990848762609,
-0.007860710641335878,
-0.029477665102531418,
-0.011791066357047556,
-0.02751248684963184,
-0.009825888894235453,
-0.02751248684963184,
-0.011791066357047556,
-0.02751248684963184,
-0.009825888894235453,
-0.030191440397505532,
-0.011108483715539325,
-0.027771208103717103,
-0.0092570693679057,
-0.027771208103717103,
-0.011108483715539325,
-0.025919793756083477,
-0.0092570693679057,
-0.027771208103717103,
-0.022272013615466234,
-0.01682786610169043,
-0.01682786610169043,
-0.016827865311602956,
-0.018697628650728267,
-0.01682786610169043,
-0.01682786610169043,
-0.020567391199766104,
-0.01682786610169043,
-0.016827865311602956,
-0.014958103552652592,
-0.02437113855815015,
-0.018789373608186697,
-0.018789373608186697,
-0.02066831144305785,
-0.02254724848784153,
-0.01878937439827417,
-0.020668310652970378,
-0.018789373608186697,
-0.022547249277929008,
-0.02112520085714836,
-0.020312340692084145,
-0.02234357420823133,
-0.020312340692084145,
-0.01828110638584949,
-0.020312340692084145,
-0.0223435749983188,
-0.020312340692084145,
-0.01828110638584949,
-0.020312340692084145,
-0.023721583943309463,
-0.01867927965923658,
-0.01681135169331292,
-0.01867927965923658,
-0.020547207625160237,
-0.016811352483400394,
-0.01867927965923658,
-0.01681135169331292,
-0.020547207625160237,
-0.01867927965923658,
-0.018631572597393186,
-0.020284816414759144,
-0.018440742769844656,
-0.018440742769844656,
-0.01659666912493017,
-0.020284817204846615,
-0.018440742769844656,
-0.018440742769844656,
-0.022128890849761104,
-0.014752594689928209,
-0.020719687671129607,
-0.017901282894041557,
-0.019890313097687882,
-0.021879344881509156,
-0.017901282894041557,
-0.019890313097687882,
-0.019890313887775356,
-0.019890313887775356,
-0.017901282103954086,
-0.019890313097687882,
-0.023706905698221085,
-0.019082957472053682,
-0.01717466156683082,
-0.019082958262141153,
-0.022899549282499407,
-0.01717466156683082,
-0.019082958262141153,
-0.019082957472053682,
-0.022899549282499407,
-0.019082957472053682,
-0.019396725700614004,
-0.022141735301822778,
-0.020128850777167282,
-0.020128850777167282,
-0.020128850777167282,
-0.022141735301822778,
-0.020128850777167282,
-0.018115965462424312,
-0.020128850777167282,
-0.022141735301822778,
-0.020930701863371474,
-0.015936104641141983,
-0.017706783110177197,
-0.019477460789124938,
-0.015936104641141983,
-0.017706783110177197,
-0.015936104641141983,
-0.019477460789124938,
-0.017706783110177197,
-0.015936104641141983,
-0.021416950137901167,
-0.018128809914485986,
-0.018128809914485986,
-0.01812880912439851,
-0.019941690905934582,
-0.01631592892303739,
-0.018128809914485986,
-0.018128809914485986,
-0.01994169011584711,
-0.018128809914485986,
-0.01818752684527688,
-0.0146204810030831,
-0.01827560184641948,
-0.016448041819795024,
-0.01462048179317057,
-0.025585841952917292,
-0.00913780092320974,
-0.01462048179317057,
-0.016448041819795024,
-0.01827560184641948,
-0.0146204810030831,
-0.01836734680387791,
-0.020607759929152782,
-0.022481191644418974,
-0.020607759929152782,
-0.020607759139065308,
-0.020607759929152782,
-0.022481191644418974,
-0.020607759929152782,
-0.020607759139065308,
-0.02443536002837106,
-0.018936166330207664,
-0.01704254867007318,
-0.018936166330207664,
-0.020829781620079726,
-0.018936166330207664,
-0.018936165540120186,
-0.018936165540120186,
-0.020829782410167197,
-0.017042549460160653,
-0.021145384431754222,
-0.01972517296435018,
-0.019725172174262704,
-0.01972517296435018,
-0.017752655588906416,
-0.019725172174262704,
-0.02169768954970647,
-0.017752655588906416,
-0.01972517296435018,
-0.025642724300594003,
-0.015763623805085142,
-0.01967012598987512,
-0.01967012519978765,
-0.021637138825888875,
-0.017703113153861368,
-0.01967012519978765,
-0.01967012598987512,
-0.0216371380358014,
-0.017703113153861368,
-0.01967012598987512,
-0.01973251208689437,
-0.021980264334713433,
-0.01998205884523379,
-0.017983852565666675,
-0.021980264334713433,
-0.017983852565666675,
-0.01998205884523379,
-0.017983852565666675,
-0.021980264334713433,
-0.01998205884523379,
-0.02007013384637639,
-0.012517686104083348,
-0.03338049654091809,
-0.010431405613461106,
-0.03129421526020837,
-0.012517686104083348,
-0.031294216050295844,
-0.010431405613461106,
-0.03129421526020837,
-0.012517686104083348,
-0.03236212751312949,
-0.009413035795585034,
-0.026356500385655596,
-0.013178250587871533,
-0.026356500385655596,
-0.009413035795585034,
-0.026356500385655596,
-0.011295642796684546,
-0.02823910817684258,
-0.009413035795585034,
-0.028114334402629133,
-0.011108482925451852,
-0.02591979454617095,
-0.0092570693679057,
-0.027771208103717103,
-0.011108482925451852,
-0.02591979454617095,
-0.0092570693679057,
-0.029622622451350725,
-0.007405655020272076,
-0.029806112366267592,
-0.011383717797827148,
-0.026562009248379977,
-0.009486431761551782,
-0.026562009248379977,
-0.011383718587914623,
-0.026562009248379977,
-0.009486431761551782,
-0.026562009248379977,
-0.011383717797827148,
-0.030240983622638055,
-0.007435013880711259,
-0.026022548582489407,
-0.011152520821066889,
-0.026022548582489407,
-0.009293767350889074,
-0.026022549372576878,
-0.011152520821066889,
-0.026022548582489407,
-0.009293767350889074,
-0.026022548582489407,
-0.013369079625332589,
-0.028954718845018348,
-0.00965157268497696,
-0.028954718845018348,
-0.013512201600950248,
-0.02702440399198797,
-0.011581887538007339,
-0.030885032907961258,
-0.009651573475064432,
-0.030967603369673847,
-0.009789190121164606,
-0.031325408703761735,
-0.00978919091125208,
-0.027409732813313385,
-0.013704866011612955,
-0.027409732813313385,
-0.011747028461432519,
-0.027409732813313385,
-0.011747028461432519,
-0.03114191878884487,
-0.007684560639050679,
-0.02881710061874323,
-0.01152684056353228,
-0.026895961051546163,
-0.009605700996335217,
-0.026895961051546163,
-0.011526839773444809,
-0.026895961051546163,
-0.009605700996335217,
-0.028916185488833325,
-0.011824094383715096,
-0.02956023477415653,
-0.009853412381472984,
-0.029560235564244003,
-0.011824093593627622,
-0.029560235564244003,
-0.00985341159138551,
-0.02758955356200189,
-0.013794776385957209,
-0.032576810871599714,
-0.005449652053205818,
-0.02906481279396847,
-0.007266203000970249,
-0.02543171089843961,
-0.01089930489649911,
-0.02724826184620404,
-0.007266203000970249,
-0.02543171089843961,
-0.01089930489649911,
-0.029284999901781232,
-0.009449734568655882,
-0.026459254421974047,
-0.013229627606030763,
-0.028349201335705225,
-0.007559786864837232,
-0.0283492021257927,
-0.011339680692299585,
-0.028349201335705225,
-0.009449733778568408,
-0.030826243289122778,
-0.012220322461741675,
-0.03055080536426671,
-0.008146881904523607,
-0.030550806154354185,
-0.012220322461741675,
-0.028514085480701414,
-0.010183602578176376,
-0.03055080536426671,
-0.012220322461741675,
-0.027875614212943284,
-0.009385512308347506,
-0.026279434463373018,
-0.011262614770017007,
-0.026279434463373018,
-0.007508409846678004,
-0.030033640176799492,
-0.007508409846678004,
-0.026279434463373018,
-0.011262614770017007,
-0.02813268339412082,
-0.009266243863651543,
-0.027798731590954633,
-0.011119492794399347,
-0.027798731590954633,
-0.009266243863651543,
-0.027798731590954633,
-0.011119492794399347,
-0.027798731590954633,
-0.009266243863651543,
-0.029718037365124992,
-0.011251605691156985,
-0.02437847847078182,
-0.009376337812601662,
-0.02437847847078182,
-0.01125160490106951,
-0.026253746349337137,
-0.007501069934046341,
-0.026253746349337137,
-0.009376337812601662,
-0.026253746349337137,
-0.011269953892561196,
-0.02826663166408011,
-0.013191094249845735,
-0.028266630873992633,
-0.011306652665632043,
-0.03203551562259496,
-0.009422210291330878,
-0.0301510732482938,
-0.009422210291330878,
-0.034397030985592505,
-0.007919427572126771,
-0.029697853000431654,
-0.011879141358190154,
-0.029697852210344176,
-0.007919427572126771,
-0.029697853000431654,
-0.011879141358190154,
-0.029697853000431654,
-0.007919427572126771,
-0.03172908651657883,
-0.011956207280472734,
-0.029890517411094362,
-0.007970804590285997,
-0.029890517411094362,
-0.011956206490385259,
-0.029890517411094362,
-0.007970804590285997,
-0.02789781646104473,
-0.013948908230522365,
-0.029584749608293805,
-0.009581295984356803,
-0.02874388874315788,
-0.011497555181228162,
-0.02874388874315788,
-0.009581295984356803,
-0.02874388874315788,
-0.011497555971315637,
-0.028743887953070403,
-0.009581296774444276,
-0.02840986267176915,
-0.009302941846634917,
-0.02604823748661276,
-0.009302941846634917,
-0.02604823748661276,
-0.009302941846634917,
-0.02418764864323329,
-0.011163530690014384,
-0.02604823669652528,
-0.009302941846634917,
-0.02604823748661276,
-0.013126872779624833,
-0.02812901422789246,
-0.007501069934046341,
-0.028129013437804988,
-0.013126872779624833,
-0.02812901422789246,
-0.009376337812601662,
-0.028129013437804988,
-0.011251605691156985,
-0.030532732113303384,
-0.010036901506302374,
-0.02810332532376911,
-0.014051662266840818,
-0.02810332532376911,
-0.010036901506302374,
-0.0301107053089946,
-0.012044282281615332,
-0.0301107053089946,
-0.010036902296389849,
-0.030191441187593007,
-0.012165385309425476,
-0.030413463668607425,
-0.008110257399675299,
-0.03244102801852625,
-0.01013782095950665,
-0.028385899318688596,
-0.012165386099512947,
-0.030413463668607425,
-0.008110256609587824,
-0.031677710288507084,
-0.011020407924309252,
-0.02571428568344657,
-0.009183673401938954,
-0.027551020205816863,
-0.011020407924309252,
-0.02571428568344657,
-0.009183673401938954,
-0.025714284893359092,
-0.01285714323676702,
-0.02750698231020183,
-0.007302900983953622,
-0.023734429185458615,
-0.009128626427463895,
-0.023734428395371137,
-0.007302900983953622,
-0.023734429185458615,
-0.009128626427463895,
-0.023734428395371137,
-0.007302901774041096,
-0.023734428395371137,
-0.010954351870974169,
-0.029343716832572125,
-0.011020408714396725,
-0.03306122377292776,
-0.009183673401938954,
-0.031224489250557458,
-0.009183673401938954,
-0.033061224563015225,
-0.011020407924309252,
-0.03195661511719821,
-0.012484658077415807,
-0.03121164479849578,
-0.010403882126223576,
-0.03121164479849578,
-0.012484658077415807,
-0.02913086884730355,
-0.010403882126223576,
-0.03121164479849578,
-0.014565434818695511,
-0.030367591189878206,
-0.007647862656067306,
-0.02867948318255558,
-0.01147179358905722,
-0.02867948318255558,
-0.007647862656067306,
-0.02867948318255558,
-0.01147179358905722,
-0.02867948318255558,
-0.007647862656067306,
-0.03026850631978811,
-0.010987379897641711,
-0.027468449744104277,
-0.00732491993176114,
-0.027468449744104277,
-0.010987379897641711,
-0.027468449744104277,
-0.009156149914701425,
-0.02929967972704456,
-0.00732491993176114,
-0.029510693129198955,
-0.011240595822209487,
-0.02622805744521379,
-0.00749373081150215,
-0.02622805744521379,
-0.011240596612296962,
-0.02622805744521379,
-0.00749373081150215,
-0.02622805744521379,
-0.011240595822209487,
-0.028046442976092396,
-0.009091928444480523,
-0.02727578533344157,
-0.010910313975359133,
-0.02727578533344157,
-0.009091928444480523,
-0.02727578533344157,
-0.010910313975359133,
-0.029094170864320177,
-0.007273542913601913,
-0.029154722378225247,
-0.011031417003169274,
-0.027578543693054396,
-0.009192848687772271,
-0.025739973797482444,
-0.011031417793256748,
-0.027578543693054396,
-0.009192847897684799,
-0.025739973797482444,
-0.011031417793256748,
-0.030254194675287577,
-0.010239199453533205,
-0.03276543793527127,
-0.010239199453533205,
-0.02866975878592797,
-0.014334879392963984,
-0.02866975878592797,
-0.010239199453533205,
-0.030717598360599622,
-0.012287039028204858,
-0.030177587793827277,
-0.009789190121164606,
-0.027409732813313385,
-0.011747028461432519,
-0.029367571153581292,
-0.009789190121164606,
-0.027409732813313385,
-0.011747028461432519,
-0.02936757036349382,
-0.00978919091125208,
-0.02916573145708527,
-0.011504821615724763,
-0.02492711363241823,
-0.009587351214756056,
-0.02492711363241823,
-0.011504821615724763,
-0.026844584033386937,
-0.007669881603874824,
-0.026844583243299462,
-0.00958735200484353,
-0.026844583243299462,
-0.011614915564674881,
-0.03111990063112482,
-0.01944993730188741,
-0.019449938091974883,
-0.01944993730188741,
-0.02333992507829988,
-0.019449938091974883,
-0.01944993730188741,
-0.01944993730188741,
-0.022960101586491952,
-0.01818385609887357,
-0.018183856888961045,
-0.018183856888961045,
-0.020002242419839656,
-0.018183856888961045,
-0.018183856888961045,
-0.018183856888961045,
-0.020002242419839656,
-0.018183856888961045,
-0.020910517498678137,
-0.022000448699406774,
-0.018000366974044182,
-0.022000447909319296,
-0.018000366974044182,
-0.022000448699406774,
-0.02000040783672548,
-0.018000366183956708,
-0.02000040783672548,
-0.022000448699406774,
-0.0218242979070341,
-0.017736141180528905,
-0.01970682318277102,
-0.021677505975100608,
-0.017736141180528905,
-0.019706823972858493,
-0.021677505975100608,
-0.017736141180528905,
-0.019706823972858493,
-0.017736141180528905,
-0.023602315498613503,
-0.01765357071881632,
-0.019615079015400064,
-0.01765357071881632,
-0.019615079015400064,
-0.019615078225312586,
-0.01765357071881632,
-0.01765357071881632,
-0.02157658652189633,
-0.01765357071881632,
-0.019615079015400064,
-0.023185793233734726,
-0.017389345715388516,
-0.019321494361445604,
-0.01932149515153308,
-0.021253643797590163,
-0.019321494361445604,
-0.01932149515153308,
-0.019321494361445604,
-0.0231857940238222,
-0.019343513309253126,
-0.01939489032741235,
-0.019394891117499827,
-0.021334379676188574,
-0.01939489032741235,
-0.019394891117499827,
-0.017455401768723598,
-0.021334379676188574,
-0.01939489032741235,
-0.01939489032741235,
-0.023237171041981426,
-0.01932149515153308,
-0.01738934492530104,
-0.019321494361445604,
-0.02125364458767764,
-0.019321494361445604,
-0.01932149515153308,
-0.01738934492530104,
-0.023185793233734726,
-0.017389345715388516,
-0.021079328378419145,
-0.017075577486828197,
-0.0208701503494664,
-0.017075576696740723,
-0.017075577486828197,
-0.0208701503494664,
-0.017075577486828197,
-0.018972863523103563,
-0.017075577486828197,
-0.0208701503494664,
-0.018980202645647752,
-0.01710860630358321,
-0.019009561506086937,
-0.019009561506086937,
-0.017108605513495734,
-0.019009561506086937,
-0.017108605513495734,
-0.020910518288765608,
-0.017108605513495734,
-0.017108605513495734,
-0.020910518288765608,
-0.02064629170516286,
-0.02058757556445944,
-0.01871597764221995,
-0.02245917348669893,
-0.01871597764221995,
-0.02058757556445944,
-0.01871597764221995,
-0.02245917348669893,
-0.01871597764221995,
-0.02075271648788462,
-0.01904625948907031,
-0.020950886228064815,
-0.01714163354016328,
-0.01904625948907031,
-0.01714163433025075,
-0.020950885437977337,
-0.01904625948907031,
-0.01714163354016328,
-0.020950886228064815,
-0.021296305360825833,
-0.01776338971732555,
-0.01973709933476729,
-0.021710809742296507,
-0.01973709933476729,
-0.01973709933476729,
-0.01776338971732555,
-0.02171080895220903,
-0.019737100124854766,
-0.01973709933476729,
-0.01754577039380266,
-0.02111235719517416,
-0.0191930514210038,
-0.0191930514210038,
-0.02111235719517416,
-0.017273746436920912,
-0.0191930514210038,
-0.01919305221109127,
-0.021112356405086685,
-0.017273747227008387,
-0.020965564473153193,
-0.017009521433493116,
-0.02078941447086799,
-0.01700952064340564,
-0.018899467557136816,
-0.017009521433493116,
-0.02078941447086799,
-0.01700952064340564,
-0.018899467557136816,
-0.018899467557136816,
-0.0208059288792455,
-0.018954514531611875,
-0.01705906307845069,
-0.020849966774860534,
-0.018954514531611875,
-0.018954514531611875,
-0.018954514531611875,
-0.020849965984773063,
-0.01895451532169935,
-0.01705906307845069,
-0.020938040985915663,
-0.02117290870907923,
-0.009624049197739428,
-0.028872148383305762,
-0.011548858721252326,
-0.028872148383305762,
-0.007699239674226532,
-0.028872147593218288,
-0.0115488595113398,
-0.028872147593218288,
-0.009624049987826903,
-0.0297198711581517,
-0.011912169384857696,
-0.02779506242472627,
-0.009926807557352256,
-0.02978042346214424,
-0.011912169384857696,
-0.0277950616346388,
-0.009926807557352256,
-0.02779506242472627,
-0.013897530422275664,
-0.02872719103448645,
-0.009550653231772684,
-0.030562090973742566,
-0.009550653231772684,
-0.026741829206981007,
-0.011460784510197199,
-0.02865195969531805,
-0.009550653231772684,
-0.028651960485405525,
-0.01342779655612348,
-0.025571162917741436,
-0.009835063389981297,
-0.025571162917741436,
-0.011802075435907578,
-0.02753817575375519,
-0.007868050553967543,
-0.02753817575375519,
-0.009835063389981297,
-0.02753817575375519,
-0.007868050553967543,
-0.030253827284612254,
-0.010888295027551613,
-0.02903545472361676,
-0.009073579452988836,
-0.027220737568879036,
-0.012703011392201867,
-0.027220738358966507,
-0.009073579452988836,
-0.029035453933529288,
-0.010888295027551613,
-0.03150155949613441,
-0.009954331044589785,
-0.02986299392385683,
-0.011945197411525237,
-0.02787212834700885,
-0.009954331044589785,
-0.033844725867640264,
-0.007963465467741807,
-0.02986299392385683,
-0.013899365795477316,
-0.029312524179106236,
-0.007816672745720841,
-0.029312524179106236,
-0.011725009513625,
-0.029312524179106236,
-0.00977084112967292,
-0.029312524179106236,
-0.011725009513625,
-0.03126669177297084,
-0.00953597419659683,
-0.02571428568344657,
-0.011020407924309252,
-0.02571428568344657,
-0.009183673401938954,
-0.02571428568344657,
-0.011020407924309252,
-0.02571428568344657,
-0.007346938879568659,
-0.027551020205816863,
-0.011020407924309252,
-0.028501497807068725,
-0.01142775648352966,
-0.0247601373357914,
-0.011427755693442185,
-0.026664764074785904,
-0.009523129744535156,
-0.03047401518251249,
-0.009523129744535156,
-0.026664764074785904,
-0.011427755693442185,
-0.03006608037838652,
-0.00937743919454015,
-0.02625682848057246,
-0.01125292671741319,
-0.028132316793532976,
-0.009377438404452676,
-0.028132316793532976,
-0.01125292671741319,
-0.0281323160034455,
-0.007501951671667109,
-0.028951268533020238,
-0.01160390648581486,
-0.02900976502940594,
-0.007735937657209906,
-0.02900976581949341,
-0.011603905695727385,
-0.02900976581949341,
-0.007735936867122432,
-0.02900976581949341,
-0.013537890505073598,
-0.029890517411094362,
-0.009963505540335628,
-0.029890517411094362,
-0.011956207280472734,
-0.02789781646104473,
-0.009963505540335628,
-0.029890517411094362,
-0.011956207280472734,
-0.029890517411094362,
-0.011888315063848525,
-0.030796957906818658,
-0.009624049987826903,
-0.026947338069705392,
-0.011548858721252326,
-0.028872148383305762,
-0.007699239674226532,
-0.028872147593218288,
-0.0115488595113398,
-0.028872147593218288,
-0.009532304240280997,
-0.02566290866528734,
-0.010998388976501731,
-0.02566290866528734,
-0.00733225905430533,
-0.02566290866528734,
-0.010998388976501731,
-0.023829844099232878,
-0.009165323620359794,
-0.02566290866528734,
-0.010998388976501731,
-0.028000571287450655,
-0.009394686804093349,
-0.026305122577408895,
-0.011273624638964504,
-0.028184060412280047,
-0.009394686804093349,
-0.028184061202367522,
-0.01127362384887703,
-0.026305123367496366,
-0.009394686804093349,
-0.03103182483989475,
-0.013769088271921331,
-0.029505188589768944,
-0.009835062599893824,
-0.0314722014257827,
-0.011802075435907578,
-0.029505188589768944,
-0.011802075435907578,
-0.029505188589768944,
-0.011756202957178361,
-0.02881710061874323,
-0.01152684056353228,
-0.026895961051546163,
-0.009605700206247743,
-0.026895961051546163,
-0.01152684056353228,
-0.02881710061874323,
-0.009605700206247743,
-0.026895961051546163,
-0.013466329912308504,
-0.029092335491118525,
-0.007757956605017425,
-0.029092336281206,
-0.011636933722394927,
-0.027152846932429774,
-0.009697445953793649,
-0.029092335491118525,
-0.011636934512482398,
-0.027152846932429774,
-0.011636934512482398,
-0.02810332532376911,
-0.01204428149152786,
-0.02810332532376911,
-0.010036901506302374,
-0.0301107053089946,
-0.010036901506302374,
-0.02810332532376911,
-0.012044282281615332,
-0.028103324533681636,
-0.010036902296389849,
-0.027927541131984285,
-0.010952700588153914,
-0.02738175107534105,
-0.009127250095084525,
-0.027381750285253574,
-0.010952700588153914,
-0.02738175107534105,
-0.009127250095084525,
-0.02555630058227166,
-0.01277815029113583,
-0.027661114154766984,
-0.009220371384922328,
-0.025817039719765022,
-0.01290852025492625,
-0.027661114154766984,
-0.007376296949920367,
-0.027661114154766984,
-0.011064445819924287,
-0.027661114154766984,
-0.011101143802907661,
-0.028211583899517577,
-0.011284633717824524,
-0.028211583899517577,
-0.007523088881853859,
-0.028211583899517577,
-0.011284633717824524,
-0.028211584689605048,
-0.007523088881853859,
-0.03009235631750291,
-0.011240595822209487,
-0.026022548582489407,
-0.011152520821066889,
-0.02788130205266722,
-0.009293767350889074,
-0.026022549372576878,
-0.011152520821066889,
-0.02788130205266722,
-0.007435013880711259,
-0.02788130205266722,
-0.013216783153969085,
-0.025499602324976344,
-0.009807539112656293,
-0.025499602324976344,
-0.011769047409240037,
-0.02746110983147261,
-0.007846031606160025,
-0.02746110983147261,
-0.009807539902743767,
-0.02746110983147261,
-0.009807539112656293,
-0.029224449177963636,
-0.013576423071171151,
-0.029092336281206,
-0.009697445163706174,
-0.03103182483989475,
-0.011636934512482398,
-0.029092336281206,
-0.011636934512482398,
-0.029092335491118525,
-0.013576423861258626,
-0.028211583899517577,
-0.009403861299839193,
-0.030092357107590385,
-0.007523088881853859,
-0.028211583899517577,
-0.011284633717824524,
-0.028211583899517577,
-0.009403862089926667,
-0.026330811481532244,
-0.01328650916362,
-0.030028134847282006,
-0.010009378809152317,
-0.030028134847282006,
-0.012011253464860318,
-0.028026259401486536,
-0.012011254254947793,
-0.028026258611399058,
-0.012011254254947793,
-0.030028134847282006,
-0.009954331044589785,
-0.029202430230156118,
-0.011680971618009963,
-0.027255601758835703,
-0.009734143146689547,
-0.029202430230156118,
-0.011680971618009963,
-0.027255601758835703,
-0.009734143146689547,
-0.027255601758835703,
-0.013618625593584534,
-0.0271271588183939,
-0.009688270667960332,
-0.029064812003880995,
-0.007750616692385761,
-0.0271271588183939,
-0.011625924643534903,
-0.027127158028306425,
-0.007750616692385761,
-0.0271271588183939,
-0.011625924643534903,
-0.03253460834918633,
-0.007625842918172314,
-0.028596913510930466,
-0.013345226094410892,
-0.028596913510930466,
-0.009532304240280997,
-0.02859691272084299,
-0.013345226094410892,
-0.028596913510930466,
-0.01152317060721645,
-0.027872127556921377,
-0.013936063778460689,
-0.027872127556921377,
-0.009954331044589785,
-0.02986299392385683,
-0.011945197411525237,
-0.027872127556921377,
-0.009954331834677258,
-0.02986299392385683,
-0.014009459744427435,
-0.028385899318688596,
-0.010137821749594125,
-0.028385899318688596,
-0.012165385309425476,
-0.030413463668607425,
-0.010137821749594125,
-0.03244102801852625,
-0.008110256609587824,
-0.030413464458694896,
-0.013991110752935748,
-0.02889967108045582,
-0.007706579586858197,
-0.02889967108045582,
-0.011559868590199822,
-0.028899671870543292,
-0.007706578796770723,
-0.028899671870543292,
-0.011559868590199822,
-0.028899671870543292,
-0.011369038762651293,
-0.023805989778223704,
-0.009156149914701425,
-0.025637219761163992,
-0.00732491993176114,
-0.023805988988136233,
-0.010987379897641711,
-0.023805989778223704,
-0.009156149914701425,
-0.023805989778223704,
-0.009156149914701425,
-0.030268507109875584,
-0.009761666633927078,
-0.031237333702619132,
-0.013666333445515405,
-0.031237334492706607,
-0.011713999644677503,
-0.03318966750345703,
-0.009761666633927078,
-0.031237334492706607,
-0.013677342524375425,
-0.029367571153581292,
-0.009789190121164606,
-0.02740973360340086,
-0.01957838024232921,
-0.021536218582597123,
-0.017620542692148775,
-0.01957838103241669,
-0.017620542692148775,
-0.021536218582597123,
-0.02137107765917195,
-0.017372831307011012,
-0.01930314536995392,
-0.0212334602229843,
-0.017372831307011012,
-0.01930314536995392,
-0.0212334602229843,
-0.01930314536995392,
-0.017372831307011012,
-0.01930314536995392,
-0.022998634152589504,
-0.019027910497578623,
-0.017125119921873246,
-0.019027910497578623,
-0.020930701863371474,
-0.019027910497578623,
-0.017125119921873246,
-0.019027911287666094,
-0.020930701073284,
-0.019027911287666094,
-0.019376541335920663,
-0.021697690339793945,
-0.019725172174262704,
-0.017752655588906416,
-0.01775265479881894,
-0.021697690339793945,
-0.019725172174262704,
-0.017752655588906416,
-0.017752655588906416,
-0.02169768954970647,
-0.02135272866768026,
-0.016976492616738097,
-0.01886276957415344,
-0.02074904732165626,
-0.01886276957415344,
-0.01886276957415344,
-0.01886276957415344,
-0.02074904653156879,
-0.016976493406825572,
-0.01886276957415344,
-0.022846336891138526,
-0.01928479716854971,
-0.01928479637846223,
-0.01928479637846223,
-0.021213276648378434,
-0.01928479637846223,
-0.01928479716854971,
-0.01928479637846223,
-0.021213276648378434,
-0.01928479637846223,
-0.017824216181671508,
-0.01617647690373556,
-0.016176476113648086,
-0.01617647690373556,
-0.014154417093246748,
-0.0181985359241369,
-0.016176476113648086,
-0.014154417093246748,
-0.016176476113648086,
-0.01617647690373556,
-0.016176476113648086,
-0.01617647690373556,
-0.014154417093246748,
-0.030914390978312965,
-0.024950967163339926,
-0.024950967953427404,
-0.024950967163339926,
-0.028789577131505695,
-0.024950967163339926,
-0.024950967163339926,
-0.02437847847078182,
-0.018238903863436105,
-0.016415013793127483,
-0.01641501300304001,
-0.018238903863436105,
-0.018238903863436105,
-0.01641501300304001,
-0.016415013793127483,
-0.018238903863436105,
-0.018238903863436105,
-0.018282940968963667,
-0.01867927965923658,
-0.020547207625160237,
-0.018679280449324053,
-0.01867927965923658,
-0.022415135591083896,
-0.01867927965923658,
-0.01867927965923658,
-0.018679280449324053,
-0.022415135591083896,
-0.019440762806141567,
-0.020202246743134027,
-0.020202246743134027,
-0.02626292084508298,
-0.01616179707847223,
-0.020202246743134027,
-0.020202245953046555,
-0.02222247118042119,
-0.020202246743134027,
-0.020202246743134027,
-0.01999306792409381,
-0.023824338769715393,
-0.017868254077286545,
-0.019853615904791982,
-0.02183897694220995,
-0.017868254077286545,
-0.01985361511470451,
-0.017868254077286545,
-0.021838977732297427,
-0.01985361511470451,
-0.02132520518044273,
-0.01720769038358583,
-0.02103162131657575,
-0.019119655455037056,
-0.019119656245124527,
-0.01720768959349836,
-0.02103162131657575,
-0.019119656245124527,
-0.019119655455037056,
-0.02103162131657575,
-0.0196719605729893,
-0.01791779651233159,
-0.01990866208917957,
-0.019908662879267045,
-0.01791779651233159,
-0.01990866208917957,
-0.01791779651233159,
-0.021899529246202493,
-0.01791779572224412,
-0.01791779651233159,
-0.019743521955841864,
-0.020991253377276545,
-0.019082957472053682,
-0.019082957472053682,
-0.020991254167364016,
-0.019082957472053682,
-0.01717466156683082,
-0.019082958262141153,
-0.020991253377276545,
-0.019082957472053682,
-0.021211441275176778,
-0.019633428006891745,
-0.021596770096502196,
-0.019633428006891745,
-0.017670084337106352,
-0.019633428006891745,
-0.021596770096502196,
-0.019633428006891745,
-0.019633427216804274,
-0.019633428006891745,
-0.023604150871815156,
-0.01970682318277102,
-0.017736141180528905,
-0.023648188767430193,
-0.017736141180528905,
-0.00985341159138551,
-0.029560235564244003,
-0.011824094383715096,
-0.027589552771914418,
-0.00985341159138551,
-0.03093641071620796,
-0.009357988821109975,
-0.02807396646332993,
-0.007486390898870487,
-0.02620236933117791,
-0.011229586743349465,
-0.026202368541090437,
-0.009357988821109975,
-0.02807396646332993,
-0.009357988821109975,
-0.028151032385612503,
-0.011383718587914623,
-0.026562009248379977,
-0.007589144935188941,
-0.026562009248379977,
-0.011383718587914623,
-0.026562009248379977,
-0.009486431761551782,
-0.026562009248379977,
-0.009486431761551782,
-0.026562009248379977,
-0.01115619077738272,
-0.02944647165897805,
-0.01104242687211677,
-0.02944647165897805,
-0.009202022393430641,
-0.02944647165897805,
-0.01104242687211677,
-0.02944647165897805,
-0.009202022393430641,
-0.029740055522845036,
-0.011394727666774645,
-0.028486819561980348,
-0.009495606257297624,
-0.026587697362415855,
-0.011394727666774645,
-0.028486819561980348,
-0.009495606257297624,
-0.026587698152503326,
-0.011394727666774645,
-0.030936409926120487,
-0.009954331044589785,
-0.031853860290792284,
-0.007963465467741807,
-0.02986299392385683,
-0.011945197411525237,
-0.02986299392385683,
-0.007963464677654334,
-0.02986299392385683,
-0.011945197411525237,
-0.031905237308951506,
-0.00999102981766063,
-0.02797488159323983,
-0.011989235307140272,
-0.029973087872806947,
-0.00999102981766063,
-0.029973087872806947,
-0.011989235307140272,
-0.02797488159323983,
-0.00999102981766063,
-0.031123569797353184,
-0.011262614770017007,
-0.026279434463373018,
-0.007508409846678004,
-0.026279434463373018,
-0.011262615560104482,
-0.026279434463373018,
-0.009385512308347506,
-0.026279434463373018,
-0.011262614770017007,
-0.028420762718557792,
-0.009715794155197861,
-0.03109054177068564,
-0.009715794155197861,
-0.03109054177068564,
-0.007772635640193279,
-0.03109054177068564,
-0.009715794945285336,
-0.029147382465593584,
-0.013602111975294501,
-0.02853085666750791,
-0.009275418359397387,
-0.027826255868279637,
-0.01113050187325937,
-0.025971171564330178,
-0.009275418359397387,
-0.027826255078192162,
-0.01113050187325937,
-0.025971171564330178,
-0.009275418359397387,
-0.029732716400300844,
-0.011174539768874406,
-0.026073925600648633,
-0.00931211634238076,
-0.026073925600648633,
-0.011174539768874406,
-0.02793634902714228,
-0.00931211634238076,
-0.026073926390736107,
-0.011174539768874406,
-0.028310668769607673,
-0.0076992388841390594,
-0.025022528546192493,
-0.0115488595113398,
-0.02502252775610502,
-0.007699239674226532,
-0.026947338069705392,
-0.009624049197739428,
-0.025022528546192493,
-0.009624049197739428,
-0.025022528546192493,
-0.011569043085945665,
-0.02722991285471235,
-0.013614956427356176,
-0.02722991206462488,
-0.00972496944103118,
-0.029174905952831114,
-0.01166996253914994,
-0.029174906742918588,
-0.009724968650943706,
-0.02722991285471235,
-0.01578564275289266,
-0.03232359415694446,
-0.01010112376661075,
-0.03232359415694446,
-0.012121348203897911,
-0.032323594947031936,
-0.012121348203897911,
-0.030303369719657306,
-0.014141572641185072,
-0.0334850859504382,
-0.009385512308347506,
-0.026279434463373018,
-0.011262614770017007,
-0.028156536925042514,
-0.00938551309843498,
-0.028156536925042514,
-0.011262614770017007,
-0.028156536925042514,
-0.007508409846678004,
-0.031897897396319846,
-0.009376337812601662,
-0.026253746349337137,
-0.011251605691156985,
-0.028129013437804988,
-0.009376337812601662,
-0.026253746349337137,
-0.01125160490106951,
-0.028129013437804988,
-0.007501070724133814,
-0.030015290395220332,
-0.011262614770017007,
-0.02627943525346049,
-0.009385512308347506,
-0.028156536925042514,
-0.011262614770017007,
-0.028156536925042514,
-0.007508409846678004,
-0.028156537715129992,
-0.011262614770017007,
-0.028569389233605462,
-0.009729556688904099,
-0.027242756516686555,
-0.011675467868667426,
-0.027242756516686555,
-0.009729555898816628,
-0.02724275730677403,
-0.011675467868667426,
-0.027242756516686555,
-0.0077836447190533006,
-0.031688719367367106,
-0.010422231117715262,
-0.02918224586546278,
-0.010422231117715262,
-0.03335113847056638,
-0.01042223032762779,
-0.031266692563058314,
-0.012506676235135853,
-0.02918224665555025,
-0.01042223032762779,
-0.033453893296972306,
-0.012660808079701007,
-0.03165202138438373,
-0.010550673268069594,
-0.03165202138438373,
-0.012660808079701007,
-0.03165202138438373,
-0.010550674058157069,
-0.03165202059429626,
-0.012660808869788482,
-0.03360802435144999,
-0.016704927700678635,
-0.022969275292150322,
-0.01252869518294337,
-0.02923362367370948,
-0.010440580109206949,
-0.029233622883622006,
-0.012528695973030845,
-0.029233622883622006,
-0.010440580109206949,
-0.031061183700333932,
-0.00971028961576785,
-0.02265734243679165,
-0.008091907618096137,
-0.0258941056420476,
-0.008091908408183612,
-0.02265734243679165,
-0.00971028961576785,
-0.02427572364437589,
-0.0064735264105119,
-0.026398703698156452,
-0.008596504884117515,
-0.02407021557173898,
-0.006877204223329002,
-0.02407021557173898,
-0.010315806334993502,
-0.022350914120862996,
-0.00859650567420499,
-0.022350914120862996,
-0.010315806334993502,
-0.022350914120862996,
-0.010893800357069099,
-0.030591449044094277,
-0.01147179358905722,
-0.030591449044094277,
-0.013383758660508442,
-0.030591449834181748,
-0.009559827727518528,
-0.02867948318255558,
-0.01147179358905722,
-0.030206120222768862,
-0.011009398845449228,
-0.027523496718579333,
-0.009174498906193112,
-0.027523496718579333,
-0.011009398845449228,
-0.027523496718579333,
-0.009174498906193112,
-0.029358396657835455,
-0.009174498906193112,
-0.03082631597717037,
-0.012110338334950415,
-0.028257456378246795,
-0.010091949270864908,
-0.028257456378246795,
-0.012110338334950415,
-0.030275846232419773,
-0.008073559416691927,
-0.030275846232419773,
-0.012110338334950415,
-0.029941894429253584,
-0.009853412381472984,
-0.027589552771914418,
-0.011824094383715096,
-0.029560235564244003,
-0.00985341159138551,
-0.02758955356200189,
-0.011824094383715096,
-0.02956023477415653,
-0.009853412381472984,
-0.0301107053089946,
-0.012374564128465689,
-0.02887398296641994,
-0.010312136378677672,
-0.02887398296641994,
-0.012374564128465689,
-0.02887398296641994,
-0.010312137168765143,
-0.030936409926120487,
-0.010312137168765143,
-0.028329016971011884,
-0.007523089671941333,
-0.026330811481532244,
-0.007523088881853859,
-0.02256926743564905,
-0.009403861299839193,
-0.02256926743564905,
-0.007523088881853859,
-0.02256926743564905,
-0.009403861299839193,
-0.02256926743564905,
-0.007523088881853859,
-0.028321677848467695,
-0.015222328556080392,
-0.03425023984374649,
-0.011416745824494689,
-0.036153030419451865,
-0.015222329346167865,
-0.036153030419451865,
-0.011416745824494689,
-0.044026585512849416,
-0.0019266448967145493,
-0.02889967108045582,
-0.009633224483572745,
-0.026973026183741266,
-0.011559868590199822,
-0.028899671870543292,
-0.009633223693485272,
-0.02889967108045582,
-0.011559868590199822,
-0.028398743770750273,
-0.009275418359397387,
-0.029681339382141618,
-0.009275418359397387,
-0.025971171564330178,
-0.01113050187325937,
-0.027826255078192162,
-0.0074203348455354045,
-0.027826255078192162,
-0.01113050187325937,
-0.027620747005555252,
-0.009128626427463895,
-0.02556015383888141,
-0.009128626427463895,
-0.02556015383888141,
-0.009128626427463895,
-0.02556015383888141,
-0.010954351080886696,
-0.02556015462896889,
-0.007302900983953622,
-0.02751799138906185,
-0.013242472058092437,
-0.02837672482294275,
-0.009458909064401725,
-0.02837672482294275,
-0.013242472058092437,
-0.02837672482294275,
-0.009458908274314252,
-0.02837672561303023,
-0.011350689771159606,
-0.03102632030046474,
-0.012000244386000296,
-0.028000571287450655,
-0.010000203523319,
-0.03000061136004448,
-0.010000203523319,
-0.03200065222272577,
-0.008000163450725179,
-0.03000061136004448,
-0.012000244386000296,
-0.02988501287166435,
-0.009917633061606413,
-0.02975289997490671,
-0.0119011595159102,
-0.027769373520602922,
-0.009917633061606413,
-0.02975289997490671,
-0.01785174045899651,
-0.02181879257751661,
-0.019835266913300297,
-0.01968113506873514,
-0.021536218582597123,
-0.01957838103241669,
-0.01957838024232921,
-0.017620542692148775,
-0.021536218582597123,
-0.021536218582597123,
-0.017620542692148775,
-0.017620542692148775,
-0.021536218582597123,
-0.02111235719517416,
-0.017075577486828197,
-0.018972863523103563,
-0.018972863523103563,
-0.018972864313191038,
-0.017075576696740723,
-0.0208701503494664,
-0.017075577486828197,
-0.018972863523103563,
-0.017075577486828197,
-0.02240045655590804,
-0.018238903863436105,
-0.018238903863436105,
-0.018238903863436105,
-0.020062793933744726,
-0.018238903863436105,
-0.018238903863436105,
-0.018238903863436105,
-0.021886684794140823,
-0.01641501300304001,
-0.018341658689842034,
-0.01578013821346265,
-0.017358151481747682,
-0.014202124155090142,
-0.01578013821346265,
-0.017358152271835157,
-0.015780137423375175,
-0.01578013821346265,
-0.014202124155090142,
-0.017358152271835157,
-0.015082876536778566,
-0.01164243905191241,
-0.012936042952076303,
-0.014229647642327672,
-0.011642439841999884,
-0.012936042952076303,
-0.012936043742163778,
-0.012936042952076303,
-0.012936043742163778,
-0.012936043742163778,
-0.012365022242044525,
-0.008089431483953228,
-0.008988256326517504,
-0.008988256326517504,
-0.009887081959169257,
-0.008089431483953228,
-0.008988256326517504,
-0.008988256326517504,
-0.009887082749256728,
-0.008089430693865755,
-0.00678096366814461,
-0.006126730155284037,
-0.006807478213678088,
-0.0061267309453715115,
-0.006126730155284037,
-0.006807478213678088,
-0.006126730155284037,
-0.0054459828869774605,
-0.006126730155284037,
-0.006807478213678088,
-0.006126730155284037,
-0.005800118264749513,
-0.004697343402046674,
-0.005636811924438515,
-0.004697343402046674,
-0.004697343402046674,
-0.005167078058286332,
-0.005167077268198857,
-0.005167078058286332,
-0.004697343402046674,
-0.004923036629464396,
-0.0023303227095316506,
-0.0020972903595697385,
-0.0023303227095316506,
-0.002796386619368002,
-0.0023303227095316506,
-0.0020972911496572122,
-0.0023303227095316506,
-0.002796386619368002,
-0.0020972903595697385,
-0.0015504905711349773,
-0.0006422147022090251,
-0.0007064369625174015,
-0.0005779932319881226,
-0.0006422147022090251,
-0.0005779940220755964,
-0.0007064361724299277,
-0.0005779932319881226,
-0.000642215492296499,
-0.0007064361724299277,
7.523133916839866e-05,
0.0006605636937007116,
0.00059450764036563,
0.0007266197470357932,
0.0006605644837881854,
0.0006605636937007116,
0.00059450764036563,
0.0007266197470357932,
0.0006605644837881854,
0.0006605636937007116,
0.0003302818468503558,
